_C_1c83_56d4bc30_7 8c 0 3d0 0 0 2535642e 0 696d6520 0 61742074 0 256d2c20 0 666f7220 0 37302c20 0 696e6520 0 222c206c 0 4d2e7376 0 63744653 0 73747261 0 72654162 0 6d794d6f 0 20202022 0 20202020 0 742e0a20 0 656d656e 0 73746174 0 73652720 0 65206361 0 6e697175 0 6e202775 0 65732069 0 61746368 0 6f6e206d 0 64697469 0 20636f6e 0 3a204e6f 0 6e696e67 0 20576172 0 5254 
_C_1c83_56d4bc30_5 8c 0 3d0 0 0 2535642e 0 696d6520 0 61742074 0 256d2c20 0 666f7220 0 35342c20 0 696e6520 0 222c206c 0 4d2e7376 0 63744653 0 73747261 0 72654162 0 6d794d6f 0 20202022 0 20202020 0 742e0a20 0 656d656e 0 73746174 0 73652720 0 65206361 0 6e697175 0 6e202775 0 65732069 0 61746368 0 6f6e206d 0 64697469 0 20636f6e 0 3a204e6f 0 6e696e67 0 20576172 0 5254 
_C_1c83_56d4bc30_9 8c 0 3d0 0 0 2535642e 0 696d6520 0 61742074 0 256d2c20 0 666f7220 0 32302c20 0 696e6520 0 222c206c 0 4d2e7376 0 63744653 0 73747261 0 72654162 0 6d794d6f 0 20202022 0 20202020 0 742e0a20 0 656d656e 0 73746174 0 73652720 0 65206361 0 6e697175 0 6e202775 0 65732069 0 61746368 0 6f6e206d 0 64697469 0 20636f6e 0 3a204e6f 0 6e696e67 0 20576172 0 5254 
_C_1c83_56d4bc30_3 8c 0 3d0 0 0 2535642e 0 696d6520 0 61742074 0 256d2c20 0 666f7220 0 33382c20 0 696e6520 0 222c206c 0 4d2e7376 0 63744653 0 73747261 0 72654162 0 6d794d6f 0 20202022 0 20202020 0 742e0a20 0 656d656e 0 73746174 0 73652720 0 65206361 0 6e697175 0 6e202775 0 65732069 0 61746368 0 6f6e206d 0 64697469 0 20636f6e 0 3a204e6f 0 6e696e67 0 20576172 0 5254 
_C_1c83_56d4bc30_1 8c 0 3d0 0 0 2535642e 0 696d6520 0 61742074 0 256d2c20 0 666f7220 0 32322c20 0 696e6520 0 222c206c 0 4d2e7376 0 63744653 0 73747261 0 72654162 0 6d794d6f 0 20202022 0 20202020 0 742e0a20 0 656d656e 0 73746174 0 73652720 0 65206361 0 6e697175 0 6e202775 0 65732069 0 61746368 0 6f6e206d 0 64697469 0 20636f6e 0 3a204e6f 0 6e696e67 0 20576172 0 5254 
_C_1c83_56d4bc30_a 8c 0 3d0 0 0 2535642e 0 696d6520 0 61742074 0 256d2c20 0 666f7220 0 38392c20 0 696e6520 0 222c206c 0 4d2e7376 0 63744653 0 73747261 0 72654162 0 6d794d6f 0 20202022 0 20202020 0 742e0a20 0 656d656e 0 73746174 0 73652720 0 65206361 0 6e697175 0 6e202775 0 65732069 0 61746368 0 6f6e206d 0 64697469 0 20636f6e 0 3a204e6f 0 6e696e67 0 20576172 0 5254 
_C_1c83_56d4bc30_8 8c 0 3d0 0 0 2535642e 0 696d6520 0 61742074 0 256d2c20 0 666f7220 0 37382c20 0 696e6520 0 222c206c 0 4d2e7376 0 63744653 0 73747261 0 72654162 0 6d794d6f 0 20202022 0 20202020 0 742e0a20 0 656d656e 0 73746174 0 73652720 0 65206361 0 6e697175 0 6e202775 0 65732069 0 61746368 0 6f6e206d 0 64697469 0 20636f6e 0 3a204e6f 0 6e696e67 0 20576172 0 5254 
_C_1c83_56d4bc30_6 8c 0 3d0 0 0 2535642e 0 696d6520 0 61742074 0 256d2c20 0 666f7220 0 36322c20 0 696e6520 0 222c206c 0 4d2e7376 0 63744653 0 73747261 0 72654162 0 6d794d6f 0 20202022 0 20202020 0 742e0a20 0 656d656e 0 73746174 0 73652720 0 65206361 0 6e697175 0 6e202775 0 65732069 0 61746368 0 6f6e206d 0 64697469 0 20636f6e 0 3a204e6f 0 6e696e67 0 20576172 0 5254 
_C_2499_56d4c0ee_3 8c 0 168 0 0 3d202564 0 6f696e20 0 642c2063 0 203d2025 0 65646974 0 2c206372 0 3d202564 0 726f7020 0 732c2064 0 203d2025 0 74617465 0 73 
_C_1c83_56d4bc30_4 8c 0 3d0 0 0 2535642e 0 696d6520 0 61742074 0 256d2c20 0 666f7220 0 34362c20 0 696e6520 0 222c206c 0 4d2e7376 0 63744653 0 73747261 0 72654162 0 6d794d6f 0 20202022 0 20202020 0 742e0a20 0 656d656e 0 73746174 0 73652720 0 65206361 0 6e697175 0 6e202775 0 65732069 0 61746368 0 6f6e206d 0 64697469 0 20636f6e 0 3a204e6f 0 6e696e67 0 20576172 0 5254 
_C_1c83_56d4bc30_2 8c 0 3d0 0 0 2535642e 0 696d6520 0 61742074 0 256d2c20 0 666f7220 0 33302c20 0 696e6520 0 222c206c 0 4d2e7376 0 63744653 0 73747261 0 72654162 0 6d794d6f 0 20202022 0 20202020 0 742e0a20 0 656d656e 0 73746174 0 73652720 0 65206361 0 6e697175 0 6e202775 0 65732069 0 61746368 0 6f6e206d 0 64697469 0 20636f6e 0 3a204e6f 0 6e696e67 0 20576172 0 5254 
_C_2499_56d4c0ee_1 84 0 9 0 0 1e0 
_C_1c83_56d4bc30_b 94 0 20 0 0 1 
_C_2ef0_56d4c800_1 8c 0 c8 0 0 652f6462 0 65726167 0 2f636f76 0 736e7073 0 7664622f 0 696d762e 0 73 
