_C_67be_56da146b_8 8c 0 3c0 0 0 2535642e 0 696d6520 0 61742074 0 256d2c20 0 666f7220 0 30322c20 0 6e652031 0 2c206c69 0 2e737622 0 7446534d 0 74726163 0 77416273 0 20226e65 0 20202020 0 a202020 0 656e742e 0 6174656d 0 27207374 0 63617365 0 71756520 0 27756e69 0 20696e20 0 63686573 0 206d6174 0 74696f6e 0 6f6e6469 0 4e6f2063 0 6e673a20 0 61726e69 0 52542057 
_C_67be_56da146b_4 8c 0 3b8 0 0 2535642e 0 696d6520 0 61742074 0 256d2c20 0 666f7220 0 35342c20 0 696e6520 0 222c206c 0 4d2e7376 0 63744653 0 73747261 0 65774162 0 2020226e 0 20202020 0 2e0a2020 0 6d656e74 0 74617465 0 65272073 0 20636173 0 69717565 0 2027756e 0 7320696e 0 74636865 0 6e206d61 0 6974696f 0 636f6e64 0 204e6f20 0 696e673a 0 5761726e 0 525420 
_C_67be_56da146b_e 8c 0 140 0 0 3d202562 0 656e7420 0 7365676d 0 64292c20 0 62202825 0 203d2025 0 62636420 0 25622c20 0 6b203d20 0 626c616e 
_C_67be_56da146b_6 8c 0 3b8 0 0 2535642e 0 696d6520 0 61742074 0 256d2c20 0 666f7220 0 37382c20 0 696e6520 0 222c206c 0 4d2e7376 0 63744653 0 73747261 0 65774162 0 2020226e 0 20202020 0 2e0a2020 0 6d656e74 0 74617465 0 65272073 0 20636173 0 69717565 0 2027756e 0 7320696e 0 74636865 0 6e206d61 0 6974696f 0 636f6e64 0 204e6f20 0 696e673a 0 5761726e 0 525420 
_C_67be_56da146b_3 8c 0 3b8 0 0 2535642e 0 696d6520 0 61742074 0 256d2c20 0 666f7220 0 34322c20 0 696e6520 0 222c206c 0 4d2e7376 0 63744653 0 73747261 0 65774162 0 2020226e 0 20202020 0 2e0a2020 0 6d656e74 0 74617465 0 65272073 0 20636173 0 69717565 0 2027756e 0 7320696e 0 74636865 0 6e206d61 0 6974696f 0 636f6e64 0 204e6f20 0 696e673a 0 5761726e 0 525420 
_C_67be_56da146b_a 8c 0 3c0 0 0 2535642e 0 696d6520 0 61742074 0 256d2c20 0 666f7220 0 32382c20 0 6e652031 0 2c206c69 0 2e737622 0 7446534d 0 74726163 0 77416273 0 20226e65 0 20202020 0 a202020 0 656e742e 0 6174656d 0 27207374 0 63617365 0 71756520 0 27756e69 0 20696e20 0 63686573 0 206d6174 0 74696f6e 0 6f6e6469 0 4e6f2063 0 6e673a20 0 61726e69 0 52542057 
_C_67be_56da146b_2 8c 0 3b8 0 0 2535642e 0 696d6520 0 61742074 0 256d2c20 0 666f7220 0 33302c20 0 696e6520 0 222c206c 0 4d2e7376 0 63744653 0 73747261 0 65774162 0 2020226e 0 20202020 0 2e0a2020 0 6d656e74 0 74617465 0 65272073 0 20636173 0 69717565 0 2027756e 0 7320696e 0 74636865 0 6e206d61 0 6974696f 0 636f6e64 0 204e6f20 0 696e673a 0 5761726e 0 525420 
_C_67be_56da146b_5 8c 0 3b8 0 0 2535642e 0 696d6520 0 61742074 0 256d2c20 0 666f7220 0 36362c20 0 696e6520 0 222c206c 0 4d2e7376 0 63744653 0 73747261 0 65774162 0 2020226e 0 20202020 0 2e0a2020 0 6d656e74 0 74617465 0 65272073 0 20636173 0 69717565 0 2027756e 0 7320696e 0 74636865 0 6e206d61 0 6974696f 0 636f6e64 0 204e6f20 0 696e673a 0 5761726e 0 525420 
_C_67be_56da146b_1 8c 0 3b8 0 0 2535642e 0 696d6520 0 61742074 0 256d2c20 0 666f7220 0 32382c20 0 696e6520 0 222c206c 0 4d2e7376 0 63744653 0 73747261 0 65774162 0 2020226e 0 20202020 0 2e0a2020 0 6d656e74 0 74617465 0 65272073 0 20636173 0 69717565 0 2027756e 0 7320696e 0 74636865 0 6e206d61 0 6974696f 0 636f6e64 0 204e6f20 0 696e673a 0 5761726e 0 525420 
_C_67be_56da146b_9 8c 0 3c0 0 0 2535642e 0 696d6520 0 61742074 0 256d2c20 0 666f7220 0 31342c20 0 6e652031 0 2c206c69 0 2e737622 0 7446534d 0 74726163 0 77416273 0 20226e65 0 20202020 0 a202020 0 656e742e 0 6174656d 0 27207374 0 63617365 0 71756520 0 27756e69 0 20696e20 0 63686573 0 206d6174 0 74696f6e 0 6f6e6469 0 4e6f2063 0 6e673a20 0 61726e69 0 52542057 
_C_67be_56da146b_c 84 0 9 0 0 1e0 
_C_67be_56da146b_b 94 0 20 0 0 1 
_C_67be_56da146b_7 8c 0 3b8 0 0 2535642e 0 696d6520 0 61742074 0 256d2c20 0 666f7220 0 39302c20 0 696e6520 0 222c206c 0 4d2e7376 0 63744653 0 73747261 0 65774162 0 2020226e 0 20202020 0 2e0a2020 0 6d656e74 0 74617465 0 65272073 0 20636173 0 69717565 0 2027756e 0 7320696e 0 74636865 0 6e206d61 0 6974696f 0 636f6e64 0 204e6f20 0 696e673a 0 5761726e 0 525420 
