_C_42e0_56f5fbe1_8 8c 0 140 0 0 3d202562 0 656e7420 0 7365676d 0 64292c20 0 62202825 0 203d2025 0 62636420 0 25622c20 0 6b203d20 0 626c616e 
_C_1e08_56f5dc2c_2 8c 0 3a8 0 0 2535642e 0 696d6520 0 61742074 0 256d2c20 0 666f7220 0 34322c20 0 696e6520 0 222c206c 0 722e7376 0 6570746f 0 6e416363 0 22636f69 0 20202020 0 20202020 0 6e742e0a 0 74656d65 0 20737461 0 61736527 0 75652063 0 756e6971 0 696e2027 0 68657320 0 6d617463 0 696f6e20 0 6e646974 0 6f20636f 0 673a204e 0 726e696e 0 54205761 0 52 
_C_2909_56f5e4dc_3 8c 0 160 0 0 3d202573 0 61746520 0 64207374 0 203d2025 0 20696e63 0 20256209 0 4349203d 0 25640920 0 56203d20 0 627d0943 0 7b256225 
_C_2da4_56f5e686_2 84 0 c 0 0 fe0 
_C_1e08_56f5dc2c_4 8c 0 3a8 0 0 2535642e 0 696d6520 0 61742074 0 256d2c20 0 666f7220 0 38342c20 0 696e6520 0 222c206c 0 722e7376 0 6570746f 0 6e416363 0 22636f69 0 20202020 0 20202020 0 6e742e0a 0 74656d65 0 20737461 0 61736527 0 75652063 0 756e6971 0 696e2027 0 68657320 0 6d617463 0 696f6e20 0 6e646974 0 6f20636f 0 673a204e 0 726e696e 0 54205761 0 52 
_C_2597_56f5e107_2 84 0 a 0 0 3e0 
_C_1e08_56f5dc2c_5 8c 0 3a8 0 0 2535642e 0 696d6520 0 61742074 0 256d2c20 0 666f7220 0 31392c20 0 696e6520 0 222c206c 0 722e7376 0 6570746f 0 6e416363 0 22636f69 0 20202020 0 20202020 0 6e742e0a 0 74656d65 0 20737461 0 61736527 0 75652063 0 756e6971 0 696e2027 0 68657320 0 6d617463 0 696f6e20 0 6e646974 0 6f20636f 0 673a204e 0 726e696e 0 54205761 0 52 
_C_1e08_56f5dc2c_6 84 0 a 0 0 3f8 
_C_42e0_56f5fbe1_5 8c 0 3a0 0 0 2535642e 0 696d6520 0 61742074 0 256d2c20 0 666f7220 0 33382c20 0 6e652031 0 2c206c69 0 2e737622 0 656e7473 0 6d706f6e 0 2022636f 0 20202020 0 a202020 0 656e742e 0 6174656d 0 27207374 0 63617365 0 71756520 0 27756e69 0 20696e20 0 63686573 0 206d6174 0 74696f6e 0 6f6e6469 0 4e6f2063 0 6e673a20 0 61726e69 0 52542057 
_C_1e08_56f5dc2c_1 8c 0 3a8 0 0 2535642e 0 696d6520 0 61742074 0 256d2c20 0 666f7220 0 32312c20 0 696e6520 0 222c206c 0 722e7376 0 6570746f 0 6e416363 0 22636f69 0 20202020 0 20202020 0 6e742e0a 0 74656d65 0 20737461 0 61736527 0 75652063 0 756e6971 0 696e2027 0 68657320 0 6d617463 0 696f6e20 0 6e646974 0 6f20636f 0 673a204e 0 726e696e 0 54205761 0 52 
_C_2da4_56f5e686_4 8c 0 1e8 0 0 3d202564 0 6d657320 0 756d4761 0 2562094e 0 74203d20 0 53746172 0 20256209 0 7274203d 0 6e537461 0 62094361 0 493d2025 0 25640943 0 56203d20 0 627d0943 0 7b256225 0 9 
_C_2597_56f5e107_1 8c 0 3d0 0 0 2535642e 0 696d6520 0 61742074 0 256d2c20 0 666f7220 0 31342c20 0 696e6520 0 222c206c 0 742e7376 0 5f746573 0 70746f72 0 41636365 0 636f696e 0 20202022 0 20202020 0 742e0a20 0 656d656e 0 73746174 0 73652720 0 65206361 0 6e697175 0 6e202775 0 65732069 0 61746368 0 6f6e206d 0 64697469 0 20636f6e 0 3a204e6f 0 6e696e67 0 20576172 0 5254 
_C_2597_56f5e107_4 8c 0 108 0 0 3d202564 0 696e6320 0 25620920 0 49203d20 0 64092043 0 203d2025 0 7d094356 0 25622562 0 7b 
_C_2da4_56f5e686_1 8c 0 3d8 0 0 2535642e 0 696d6520 0 61742074 0 256d2c20 0 666f7220 0 32352c20 0 6e652031 0 2c206c69 0 2e737622 0 74657374 0 746f725f 0 63636570 0 6f696e41 0 20202263 0 20202020 0 2e0a2020 0 6d656e74 0 74617465 0 65272073 0 20636173 0 69717565 0 2027756e 0 7320696e 0 74636865 0 6e206d61 0 6974696f 0 636f6e64 0 204e6f20 0 696e673a 0 5761726e 0 525420 
_C_1e08_56f5dc2c_3 8c 0 3a8 0 0 2535642e 0 696d6520 0 61742074 0 256d2c20 0 666f7220 0 36332c20 0 696e6520 0 222c206c 0 722e7376 0 6570746f 0 6e416363 0 22636f69 0 20202020 0 20202020 0 6e742e0a 0 74656d65 0 20737461 0 61736527 0 75652063 0 756e6971 0 696e2027 0 68657320 0 6d617463 0 696f6e20 0 6e646974 0 6f20636f 0 673a204e 0 726e696e 0 54205761 0 52 
_C_2909_56f5e4dc_1 84 0 b 0 0 7e0 
_C_42e0_56f5fbe1_7 84 0 9 0 0 1e0 
_C_1e08_56f5dc2c_7 8c 0 2f0 0 0 28256429 0 47616d65 0 74617274 0 63616e53 0 25642920 0 6d657328 0 756d4761 0 7329204e 0 65742825 0 20726573 0 28256829 0 6c6f636b 0 62292063 0 6d652825 0 72744761 0 20537461 0 28256829 0 72746564 0 496e7365 0 436f696e 0 25622920 0 6c756528 0 696e5661 0 436f 
_C_42e0_56f5fbe1_3 84 0 20 0 0 b 
_C_42e0_56f5fbe1_6 8c 0 3a0 0 0 2535642e 0 696d6520 0 61742074 0 256d2c20 0 666f7220 0 34372c20 0 6e652031 0 2c206c69 0 2e737622 0 656e7473 0 6d706f6e 0 2022636f 0 20202020 0 a202020 0 656e742e 0 6174656d 0 27207374 0 63617365 0 71756520 0 27756e69 0 20696e20 0 63686573 0 206d6174 0 74696f6e 0 6f6e6469 0 4e6f2063 0 6e673a20 0 61726e69 0 52542057 
_C_42e0_56f5fbe1_2 84 0 20 0 0 16 
_C_1e08_56f5dc2c_8 94 0 20 0 0 1 
_C_42e0_56f5fbe1_1 8c 0 368 0 0 2535642e 0 696d6520 0 61742074 0 256d2c20 0 666f7220 0 31382c20 0 696e6520 0 222c206c 0 652e7376 0 2267616d 0 20202020 0 20202020 0 6e742e0a 0 74656d65 0 20737461 0 61736527 0 75652063 0 756e6971 0 696e2027 0 68657320 0 6d617463 0 696f6e20 0 6e646974 0 6f20636f 0 673a204e 0 726e696e 0 54205761 0 52 
